Model: google/siglip2-base-patch16-224
Training: supervised fine-tuning on official HyperKvasir 23-class train split
Checkpoint selected by validation Macro F1

Validation best:
accuracy: 0.9121155053358443
macro_f1: 0.6698267071053655
mcc: 0.9046472272543985

Final test:
accuracy: 0.9033270558694287
macro_precision: 0.6340082492432532
macro_recall: 0.6394008077450253
macro_f1: 0.6328873302592108
micro_f1: 0.9033270558694287
mcc: 0.8952648192769943
